$ANSIBLE_VAULT;1.1;AES256
64613933333964643238623864373438336561313434633065396362333535663936373035623933
6563316636333630616633613066653434383864626636640a323131393531363138666132623765
33646334393833326666306439623339313934383039366132356637626265333637623932333232
3338313932356337630a376139663738353234653564663636656636613834363230376539623537
61323136393833656437653830666332373065636462393761303730383437613664646463313539
38613961313838666335636462363963643030613963316638386536373735393633613866346338
61643064663431376333633930636131613834626138333864323466663838383230393439653632
32666439373162346631646539346363643838393130653636323134376539323638633136663566
64363465396633323962393732303761363031376235373366626239396561303933656464616234
36373936626564353262316432386265656431643263376465663231313963376463363461633566
30373134613564613261393833353462616565393664373430616236623730356436356261656439
31393364366465666435333337626536626131363537386637323138623534313161343331316139
37396538623533346438323535626338333964393466363131373162616433336339636632363036
38303262313339636637363537313361356363396231343162646165376561613966303063323538
34333331633936383330653335613831373166623635653364333236396230663338356635373331
33653235656631376135656434346666646232376565376330326261346162663462353039373632
36656162666332313538613563633965653038646535346364336364333130313034373561376432
30303138633965316130333235636461356334333737313234356638333732616139366663343932
64343162633339333565623338626634313534343932393032663630383365636465636530383263
35313938303361356432396165346162663162393266323939306166353336643330313432306537
65363262353162653130383035323639623238633161316262313831303765626266343361653461
34383330383333366636613631363938393634656439343736323661366633646563386332613561
35323962373839336164303864303435303864353332366663653337636431383937396534386531
31383737343838373931333330316235386535636134383766643765313334363364353933323561
37653537653933316433656531336633333366306635653639323830353461313665363165636566
38616232363137643838616465353932333565363062396437663863346162356237343430336530
35353666356231643163393662663466343438303939313261393863616532326462333534363835
34383134643636333631643137313430656536346138326634643732323137343834303739313938
66376366313133303432656366613962353731623835656138633865313530626566623531383165
62666137626662316235383966346537636632333761636130313661326232386433356434616336
36303237396138383838333861343637643239636430626636336538343066663434646634393465
63366463646338663163383935386266363063363630666233333835646363366133643831386235
64313132303664653131303463333765373134323931326438326664623466343564613034336162
37303964653837393263373763356661656535653764336333303239383130623137383661636131
65623465656363323331336161646634616130373263343735646532656532343835376166613130
36396134623765353062323035313334393037616261303938623639313763316536616436356661
34616361333335383337396130343633373563323363373366363666623839383933633364303462
64393238353931653035633963373430626631623535306137366132383564346665363865343437
34623366323066316334636365323964646234653466316332353462613765616564303934613965
30343861346531383933366639323330643363656339383930626361323731333662633832313136
37613336303665393830613035383034383638643362373632373666613565363762386232396162
36323432396635643330653061643066393064326561656132383561653230643665336134383834
62643161386562633031323330303437653964653939346165306162316338346133343130376633
35343232646338616265303430336338376539636130353630313966336163326463313163376465
30613664643130323863616566613261326166383930646639383131303538326331386662656331
63383361623338636137636562643961616137316332623631396438643162383436616533386134
34393762626639313239623864633562373930363238383662623836613335303365303562613030
31626335666433303039333064326134366632663330323131313566643937366538336466356233
65616263353033333233363530383762323035323333666466633437363935353432613264653935
34313531656564646539313335666638356630636363303966313431663433373166336233643336
33363265653964316239323139383366306264316464323537613230353434316132386166626232
35303037376136373864346537653564396466396438613765393739663865363136633662633939
65366630373639396638623761333762656566643736663934613732376265303033393931646662
32316663653065323566663562383864353066353966396266396161613864653236366532336637
64623033663235396362383737613063376236643537613366346435333130636533323161643961
32306539373633373166353233346135353931376262383639643862373634623639316332316664
64633661396130646366636230336466303064393563363665336465336165616463323863363433
64303738333763376135353530303364663366643663633138646631666132633430633637636263
64383232353533353137623738353332336333363163663962353637386531613161343463633464
65636430326338666537323866326262656535653865653032313234323065373239383534376432
36343131613939303733646339666239653164613666316165646264356561633166326232336632
33326363326637353765656561313833336438316533643330313031306161343034653832366538
64336362316166386137376131393337373139383136613663316261353035353233373462383531
34336463313264353030386564386331633262653261633339343538643337613838653531383134
63373738633163633266663032376331636231383732643962666162616439386433306164393137
35613063343963396337336137623761383832623634353937643062326637623862633034373837
36396338363336316366643333353666663739626435623364343361333436306432663062653833
38353738323735313033323730313630366262633832656639663031666366363430393733656364
33303266316537353636613161643863333261303939653964393264656431366161383934313538
65396163373664633064376132646134363938323830336261623737613666356337643161623130
31626138323032653635383834356337363335383037333835346435653832336339353732303031
39353136646237643834663938613030326435313231636261666361363938356661363334323863
64643731613763396333633663336133656536333761376664323166313234373163646238393262
39303665633331666362663563656130623063386562393132306632396563623336333632616364
36353234633037313364356564333062386436386539663130623961623266343834313235636662
61383937343664646337373932633639376565393161393732353266386565356463653633373562
36333061663331333734353431336530376161653831363239633663613463633333646531663962
30303061633964653032313165393663356139343336393434373864353633613431346531613232
37636634646465646639363363643565336366363063393766316430363832346334346139353039
63393439376230316238356261393961633762663437623832373462303165333333643436373439
63663039323135346161633261353437373838333564343063343737336430643535653633323138
36333533393162626639313561626234323937613130346537336463303362353934336438323130
39346465303261653461646134633263326635383933323735313266653032653934383362386165
30333734353936616538616131616138303334326236366138356234386536656635316136616564
36393536616164613838303238313134623662643133613831643130356338376332356363666363
30346238663162333531666231376534393834373234626433313465323766313365656564306438
66386561373733613766323533666663663337633030303235333332623261323935616435663232
34663666303062623462623535336263613762656465613236373333663034653938386134303963
32303562336537303830313733353738333065663464616638616230643337383238636132666461
36363638333938366530666562626331653865623939316234343733373538643862373661383465
32353034376537663461633636333839623939613037373965343037373536643639346132666330
65343831366231313839626264303235653866626363336366643035313766646436353365663966
38343365666135383433633763343439323839663631613230353062663333376436666537653137
34303035643839306664326666393038613563623966303866343737386235313266323833633762
32303037626136393261616266643065363234326661303762316363303363656530323337623165
64653932626532393035613762313435336665656533363935626232336664653130303964323438
30323937306165646565313466643139643266366632616434383465316238313330633839623833
31313937306435653965383632306362393430313935653565666135386236633165373939623331
39303033616465616565393834626534663861343636363735633566366164663232346430616136
65396634663439333839366437343239656339633563623865346336376231633939373136353161
37313933366538366638363866383231323932316238613634656362363762316237363931613863
33326563356162643632386138633439326131393532656664613138343261623139663666353862
30343238393833653063326631333332653565316137353032376136663039636461303135383265
61333738663939353335346634303265636538646666323631636565333132353566316235336437
64353261323634653365366530626566396134323765363464613265663762336363313834333630
33376361353163346337636130663861303235613133623564303638333265656436633965663035
64626135656638333733653464653564336333386430393535626637373932643331393336353064
31353339386634623765633332353062336463643865343662306664613139633031333264616564
36353935336165303338303636346434643033303761636131353837376465326238323161623863
39343966363563663533336135663833393337356265663533306139633334393432366137323964
33323732333134633530653265306432316333383431353635613663616332653733373539626462
62373630383137643839653032393039303064646631386132373834366530313264636234613131
39656666323030653463656261323038636334626133626335306135373137376466306531626362
65373734653536623839623338363461343038303163303435323033613731383536313933373363
65323730346231333935373433386532313439363966613061633531363836313930326238633538
35623561653362393435306430393434353338636439396636666438393063383364613363366539
62663134306565313162383765616166623538656130396437336133396436663138613361393866
34366666646633666130343638623039636664363762303564343032613561313032616439396333
64373366373037613436383935376562613764376331613637373465353262346634646138623862
30383630386235646166656464303539633833663439616139643132343232383564353030636638
64663236656531373930633064303936373131366136326532636632633966623061663131376135
64663461343738363464616630633764303333316562613936373866303032656266653762353362
35626361643662353535663734323766383564363235346466366463356666666364343939616634
39346132346236313830646237623263383364616661393930376237313636323736343936393136
61346264306464313639373862383835633133653131626135633238613538656439306530366430
62653666396638613933363232326462643039346564323764383663316235303433373834653466
32643731613137393637663937386433383437613561363530383133393737303966633862323263
64363232636635623031653363373863376261373364633135356231316339376231333762386433
61393431326261313664323633383765653163643235663666323830646336363031613963396638
35336561646335363735653530363435616364333663383166653065643433633161373531636234
35323339663861663736636364636230316362383233653630623538376239316234303563616334
38336333653535613262303934383763303134636463396262663931333765363332636338346537
62316465616539633065313964333765636461386531663934643561646133383734376330613734
64663534663263393063626365386530653266303065633464323133663438333233303232346461
64643937353232633131653135663761613263383733663230336133626238646365343339636662
62656263393162303431646538383835313035353962363834613531613730323332383766336666
61636432663235353738346663633235353235643866396239663335326437313939396133613966
35646562623130326364393765376330363832643531366234326139363935373863396638376566
31306466396162613135366366326236343434396532393835383238376465313662663162336434
38316239346235333936336132346531663939356438383733643465373237316535646236383633
39376234333333353237363138366239303234653832346136326538326432326261396465396262
34383036333866333034623138613137636666613132376639613462646231303361613239303037
36336430366666626339373831663330326664333937373066643761353666376563363762666432
31666361333634323063343963623730373965633863633136613563376565633633316238306663
63666166326137393864633463636338323838636662616165353630366334333330653936333532
65356236373765303033346165323236336539616438646231356536666330353232346266666538
63303131346362636434313136613734616332366436353638326635386438333937623233366562
38613831653662613061373565626238386134653531363232633037373436303237363139613963
39616332313031336164396535393865323437313734376432373963306533323935303635653662
31393238383066396430646166663361646239353235626131363262366636666438666432666463
38663663363537343033626338343766636664663039633538633237343532623163343233383931
65366361393164613161353839303436623861386530636163663932376362343165343437663863
66626366333836666534613961353063363134326134363566623231666637376463383631616430
34373238343439636536643330623138316235626466346161313061353830666639306437393366
64303432356264383264313935343866353031333435356330646164306439653930363637353863
33643330356665393739623065633035306362323465646130636662383466356339633866346263
36323932643736386233383962636166616465353266313564316662656632346533343933383662
36353662376235376338386635653232353431326633373535306166363739356630663932396633
32666262663362393061613237336337363462303538623731363336376166356262336630626538
38396330656362343333366533363463396362653632356566353838313336393864393830313763
65663639343362313832373931613331656166323535613866623264396565343436643061626233
38653063393461633234396162626335663061663930353139643239363738313264613336366561
61353035353336663433666365393639616162666635336531663635626637623563353939363034
38653363643665363238383336633230303365646130333366643966613862323963373030393361
36613439376535663038633631353264616566643663643861363566636533326337373732366233
64303961346234346461303462303737616161643933636535326134666235366131636539653134
64383433323161626361656564326438323262343835633631633832646538353966303838633433
39613363613365323132323866326261386564356337623161663863363066306366613366303030
31383065633639653435626530346135396564663133643535393934323761646431626136306336
33336533363362653533653434623038336161366435333463363962663065616135623263323837
31363230383230643339326432383065373064366233366339633564643166346266646137666130
63613462376331623462303963306163633166633661343830656635373963393333613532616336
64363836383238303365666666663230613265343338373737623838373531633036383764666230
38653634323230656634353736333134663663373730616135303466396564343538363164333530
31653439653065303239633432353136373236316363366539616237383462353035323435376630
62396434653266663535646636626334393561636434343636393336396266393731396139333233
37393635633538643265643764356537313738383266303833313539656263356236643031363131
35303037316638313561326666623439656535356664663161303230383632343166363531383165
32393762346433666631313730383166323632636532633335333436643865313436623364323839
64636139393931633565653166633430336530666665353962396664623862343236303765626565
38613838306638386535646532303937386362623338393133343436396238343866316263313565
34323232623235616433323031306639386638353037633863376437646461663737613232343733
33333635623466386464366437363830633835313030653566653265313433633932323732376434
30383233613764343439393166393863343834376561323864366232666138633037653731313837
34336539353534343334663162656538333135336664366364323037663965303066303733373933
61663762366465373165396666326364386232336130623664613935616161356633323263323533
35626337383031383230633834356432653339306238633361313333323139396438353163643836
36346537346135313933366437613732653031326538343831313936666538353334383263336234
30383939623038653966353563366535376336663838633739643534363333313962663963313739
30663265363935663465376162393035643966303037643832353936366632663636336537356333
30346364613933663435643863356630383236373264313166303634346639643863623830306161
30353139653034303532646137636565613936366630303663663566333361356461666465623265
34636135613138636130306635313833613437393731646164626330623865326663626463346134
37386164323933643264616633636135326234386431383238313263343461316132383938646562
66353761643565303032653636393738636136386365316435366437646466356536313065366661
36326238613033646634653663336137663833386533353262663133623532656137653864396236
63643264663664303462383938343463303866303032643466393265353930316462656537373763
36383734333037303233356336323534316561306633633761346363353939656439346638373062
33623333363239333862396539623637316136363932363937653337323364613331373935383135
30656462323162376565616463333233646362613136383065343365373162393937666430623635
65373762643966633762636263353336653336616561336138323838643364313339376234353238
30366364323663366566336663343532336135623032646634373966353432326537383635613139
36356632643536386436366461373031396638376666613430316134383131303563373534383763
61616233356435626439333265356337653632366632366461373430613235346263663735616464
31306338653830613861376361386165333434373163663335376663303066393961373632393863
39643936303430363736363633353034303766626661303631663830646134336634326238646137
35356435383862643763323035653434663365396435333863643066363238383738346232656537
39396339613533323134333562643337366463616439353932663730633262646136656236376235
38333265383164636263643036616237396234303864616131633636653065323731346265626463
36656133393863633463623632333763346433616164663534626130376330636339303035343539
30613533306637643066613838353134626663326439653464396334643132653965663564336237
65613666343632373063313639373538666564646339633830623035613839316631663130316137
61313334386632613464383761646330373638343232313063343136373366633939613830386462
31323831343765396438653863633365356465643864613533636533323330623838666438366663
39653733376362333463623464653735333761306461343061656264373535323931653964333231
38636364303035636135363164336265323762383337643665376533333437633532323635383461
63373636393462646465396536336531646532356635366465313835303930396332633935313263
61376231343639366262373930373561393365356236616633343134393134333331626565626363
63366463363333336133643262353064313962303236376566313037643034653265636638646361
62316434653832396666656333343238633262363134646531613939303061376436386634343261
62653531613736343631336438626663366630633134623434306135356639313530366663306362
33323166366234616131636363313838656339333734316434623233343732336632353938616430
61383431653866306239336464633836633032363633323264363166353834663633626639656335
38643763386536326136353965363033316565303535306335383737643262643839386464623036
66316461623066613739643437363837343633396330366133643437626661653138316430343736
62396263376466613538336238643033626635623766663263653730653634346634383665613566
66366666393461636537653161666363343962386637326234326266666431386662353635363965
32653332353233383163623631366631636665313234376461636338646233356565333939643734
66613732306266386263333236313239353039313133656265313036386337356336636239353664
65323333633235666166613735303865343631346336663233326263333537623231356437303938
31336432366662633065616461306132666264326663643238366166346365386562643333623766
31386432623139643061643935376138656161633638616266666632623839366330366262653131
65653831633031323564326666663530323063376532366264373461616539386332656132646639
63633934353331653065393735613363376438616565313530643239643731636132373263363936
61653331656263363134666232656539663661616264303038376565613633626664636266326266
65356133616235326663626661343064613436343230383837613362326537663662653232313733
31353634316537353937353462333139343136353231306630663163646138393763363435633532
37656561396665323330323233333339326462323237303437323033623062643063316238353261
39346338363666633834663731616432636361643132313631656335356161366261313335646132
33663763316337323466653435336565313432316534346264303834646237313339383830626532
61653930643063326139303166626632613966626463363963386166303661333464363333313933
38336339373030316562646336623039643336396633653333653632633634373933656636353766
36313039616162313233363033313261343235316134393562323835336332616335626433356531
33363163333162353663643534323665303130353437653832633564613066646261613864346233
61346339383261323664323264623964623431326330333738313830643761613464663039666363
36386364343934613665356462636362633764303161646538346434363465343638316232313538
32653833653566663130336362313435633565616465303962373266343835663062643131643735
65623231316230333337323734353235363431653632313763616635363361653731623133663033
65306237336362646530303136633838383634343138613135303161623865376266626630656366
66633265326233333234656165323461383233393434656639653362313639343336626336346239
62663335313331623434346630313232633631346639366362623835643837383832346630363938
37323864376531393937333839343463663337663137316362646166643439336438306165306534
39313765353734623761306236396537343036376463623737623864663163633136326366616237
30366232653637363466626538343462303365343163623635346135393863653239333065313837
35346237366632653539616335373666326565326261326463663138623733343130326266313834
33663734323063313330663430643236633538623034326133653363633838333531656634313431
37386334383166353462633264323765303232383934353063613162636430343939316630623265
30346332623733623463376537373863633366623364346534666630343866646139656635353232
61333964386431376432316265653962626162656538353032356330653639333137353038333535
65383035343732356164626233313936343732383266653838343765666530366131356164653730
33353938656264633338653764373633393864653033626134393538623132323639666638336464
65656163636361353033626165353038393861383932663431333134636138356234633134323465
37333336626365653164353934643262303330363239653238303631393237373037623432363936
30326337306136336566396566663161663761663132633338623238303461323631313761373165
34323862646265636432656338396334303831646430616664333830323736646239653363653264
34353736396133623162386232376630666632643639353965333062323434343330616333366338
32336366336164386165363633396666313337313961343539636234323939646336306666303463
30663733656263633230633438303162303231353137663832336235653639626364643933633565
36656630613835633035366263383733333639343663616565656436633639393836346363323931
38313665316535656139393738626636333062333730376436653735646666366666393266353435
30666163646638316636333631383566663732656134366664313630363462333963353730663166
64323832343935316561366533336536643861366334393038323731386537393036373563333264
37336331396434303539303232333239663466366239393630333034346266306664636465386630
37666236326238666238313933363631376466613835623234343162626661373031636135613435
38323663336436303931323863343132393337303639656362633738363639386633333936636138
33313531383162646532353265343262313733626431393861643761656335356535656534343838
35643065303031643863313936336132323638633037613230646134656232323261393239316465
37623861323336653336386638326363666431313039343636376436613064353434656630306334
62643665613764316531313761313064643238663836666233616366323739343632643438383831
63333837356430343561323539626233373366643735373964353366663138393861343261303033
37633731616263656336366631633865333031323466623061636634343261363235366664656431
39353339653030306235336638393465383732336430393434366637316365633530363263326661
62313339656436656566363762636162636435366536623634616532303935353366313464383862
65616531633666376662326237306332346236656235346234663166616235343338326265636138
34326465663965623734393837343231333862663965666264613336333133323937353537313939
30343339306438343033363865376535353565343261666461613736323162666532376463386231
62363430616363633039353730353765653762633665373435643364373065646634386631346561
36366232396265393064316431313931643035313864633937643539626532643937353938386165
39336130353130653362633238646132386332353734616631376130636532343862373132613664
33333261383636326331353336643639366236656134623430303161306339376433303463336239
61343134333365353235656433366531636339306535316334363566356331623732316439353331
33313732303430303833663362316663353963363633623838356137656464323930623032363638
36313339393463626435383938306339636665313339333732343365643233656331346337363034
33386333646362346535663034316339366465636536646535393131376265396661306532663861
30333434643437623632326634383739383639623536623064653132333336643261663534616262
61663264633762633562386261316337613566636665633236376531356561376631303666386136
61666332373531386635383639303031623866306165336466616261383631343231646138656365
64663434663163636430623166646433386631613364636132646565343062343139643932613634
63336336303734356433396231316662313033323735323863346662663563303566613033636435
35623361373637396130393630363136323765666237366135353966326630313539383462376232
36623731393231336231343337393132663333333236323663646538656236666364353233316363
65336430393665636363666137303031376239616438393338616432393638396162633162653932
64383331346562653733323961346130346265316438363639393066623762313730323263633765
63303333613135663762333836653233316534656262363966626363383562363562303136323136
62383661656464616537636163336230383565646530363564306562336163643935323962346165
37303734363963343536336132356138633634633131343232663664613832343637383930323164
30653736396331633861333065383965653833623834666636363661376430383332356462373239
62633964616361383536383165646335396138393465326430336363663537306239393335323861
65313730373133376635326562313961663532353962623561326166383834326461313335656139
63313964663364326664383164313265333261376531383365373932653339653830643264373261
30643834663230373232323139393635333837653233396231323437656236626436323363376233
30623735383835356431633565663632386636613336373237336132336331663331313063613364
33323765336661663635623730353465626266333635663066393162663265333030616563353163
64353834343138636661666336663335666338646231343961626132356635353763646561373665
39643838366664386433356230336635616564653737653464623633623639613761356461656266
65396439653234643461346230303561656565306266306637623566373161363333313239386238
63383835393862356637633566663064646333643438313966303962316339313763383234383136
38343236646666653332333137313732336133616239323931656634653837656463313136373438
64386632623566643532353131613230363139393036326433653261616365333361623633383738
65356365346136666633383662616262323665663831386538306435393137356630386436613437
37646231333635613838626338633461366165653839353031373637643934623036623031373432
33323530633462353230633132363930376666353834626230323536643130396536376265383632
32613734636466653364376430316464346630343363383665393833306262663332353338373535
37383435363564393431656566656335626263376132323365383332333733343335636261393063
38366664363236396230393062363464613532323663376339356565326631656137636163616431
30383362613965326638376636656237316530346338626637353031646366303635626131336136
37623137336263383162376430343138656330386330323163663836313738373362323038356561
34313339653837336635303037306565343966613663383735383938653537643136376236666136
62633864363137643734623661646266343866653033366165306432383464363132316531663831
36653262313535303937613330393238346563306333303462616163663037363631396266643431
66386466353234656565366361363333626265666630306538353639336564336163643739373433
35373432636436623235643830356161366537353565643238623832313031393563316263613232
65373366663236363733633836303738323063383437623334373437386566326537303237383033
38656436313239333562646464613462383237623933323336376665333839356561303539313866
61303462626464353938313963376161393765303037613131366437333735383835663037383931
65613061643934616463323336666237653432323233643737663166333666616636613665383332
31326434383566373835376163633234376361346534643864356234313765353739633439393037
64653631373037383237646638623033356336393862306266306166396130393937326563373633
63666662376662613739353131346436346436356135383035303838326639386263636365323633
33313430326662333231663539353733336136346232323962333832306539343536323633336233
30356139643166376131373766643936396135303935623732623236653563333433343532316236
32643866326661623666323536633136383530346465383161386532626239333061656163383835
37663861396434326465376465396531396536373437343039336438366563386537613832656362
64306433346465336331633130616237366265663539346662313939343338616132333637376239
32346339346461333638393931646130343130386531663166643536323461343730343834383261
62346136333236393535656638303734663637646438633034323964653039656164353034666135
35613731393838643336336230613962383132663033323738666331323937333064666534633065
34353834353264336437323165653431666434623333393566626361333961633033613732373163
39383232613330626266373831356138623330613136346162633463326233323865383764383265
33306165363039393136393835336235326361613331323037616133613262616637373632373332
31616666626635326532356330303031633135656232373866353430613765313766323136613965
33663535373637633564303130313035356637303765313262643034336464353164623535393336
61636262366532646636313533376261346233346230316465306536656632313261373966366562
32356134323632653834356639303366353437653866326365633237653735343638643165396331
35373933663262653632306438663432336539643462613637366664643331336162663565353235
37626138666132333761663165356432333234396661303531656539623933326533393235613561
64643437613730363465393539616132303165323531646639373834363133393732643739356362
33613538646434383438643839313535313263636638353662383631323535373130343664613932
36346262303434626462313930303932303862643964396430616631646434653735353733373864
65343966663638383634646464653835346430363865316462393735613863633237386431346534
63666233346562633437396461326164303666313933636337653434396330316639383532623232
37306363646533303139396464616237313834353164343135626565323233343432373534363963
64393566613034386137623562383861653639316237306264633937303434316533326234663666
32623931653664663437633035306362646663396234303234623739613539653130343962613936
37373930613065633239373062353636656638333965633266316364613562343837616662616434
64666437353064373834396231366339373562303134656335626535616434626161633337373139
62396530346235663938623930666337623862623030363763376263343532383638386362303535
36653764373862373439373233613139343566393830396436636261363039356336613464613435
35366434646162386463653933373164336638373138616135363230313161383432393239633534
38663931393561663063313938326564343833366262393232353030656139653264663231636438
35346663656661303632396638383638626266363037373137353837353765386235653039323265
36623865656432656464653166356438653633663961666136646636666262633164656562303732
33373331363230316639663135306165613331613934643837366239356637633439663161353031
34363239363166633861663334323961373736313835396537636264383532323939343035366165
38333061613631393436646139366635353139643638313433316133353761316532633134303861
64323032393762633566346531396365633565616364663762613132326262616230626330656437
33613535646463326131383564383166323932376530666135383038366665393665306137333332
32303531393738373639303836323432643534353361366633646331383134303334646363356233
37613038663935363830663631376634353566323234336133643538373366353265366439646636
66336361636332373563303939656238613739643832383835333961626364353565656434626366
30356633643961313763656539363764643330383639373635366639653032306634323833373038
61353466386434643464376437333930333535363530323062363733313162316438353934383763
64323232343339343430323462313139636135633063386630373131313662663961623532363834
31616536663230343731343538623262353835666164386161306331633933316231353237346165
63353833353637353331326330323762653138363432623461383330616565646561613465656130
31323932633735346339366363343662346264323065323939373263636266316335393436323863
37323665363731623838326530643566643032366164613661383131333164373362386662323263
38333836363162333432356563396366383836353265383863636232366136323038376535653337
37343730393062316533626565303135396561373461373234363634336633613261653936303239
36616462653830313964376630633533303462653439306364373864313732386564306533616536
36653438643136363937353762646434386336616362633261373232313964316135626135336334
66656237343864376362356637366536313461343533643862633661316133333834323834633932
61393434396437396632313264366662386564303361353933313634653139353030663766663035
61363631643966633963643230616533336432646637326138386636613163303634656463613530
35376535373833643363623532316261316334396636303661336363616136366161373364333564
65376163373164653439366164393562663266373262326332323938323962303434636433363737
61346262623830363361653839373864633662303830333734636233326566623932313161656430
66383434343036376438356565613661356664396532323031386133613632336161666331643666
35346332386162653336336535346164316333623666376535613935323662353832303164653364
30393330326333613263343330613231333363653632353561363939373232653164633934643965
36306261366430303635666632373733376662613332303466616332633033386564303032313230
38343135323830316263383261343036373338363963643036346235303330633935313435363663
33343431623961626438633439653933336432653466643033623737313364616132336261666632
61323738323966663061313761383137393436386463363731636636393738666662343231336136
61353534663634363639306134333039343166653034336135663733306632636563383534643035
33323063336333303231343365366138656466323030613133626338663938386131333464613265
39363036623963656365363838633631613037323766313131383637323836363563653931393234
34373631646565663831336236393863313334663266633763396538343065313731336131613934
62633438633531336564376262633738616535353861346662373861646438356334306431643766
30353833383238376261356436366131326462633139333739376365333265366439313831373237
61643463656431336634613431383765613834626533333639323934663234633937356235653066
30373331366661373637653739653336643030323362383666343337333238666335396662646239
62386638613835323037386239653535613336313137623738326436303030316161366163646564
62313333313738366162333132306161373264303732616431363462393939386436626630373830
37383536303438653337666530653963633062393131336232336539396130366433363634386138
34643431393163626631666636643136633539656338613464633564333861313338326534383633
34663862363532396131646131646230396631373737663838376661393838633234623235353264
64303765343333636463656462653264343666626336306365356631333436626365306532663739
38363962366631636333636338643862396662613063666462316537653135323735633531393136
34386664626134313133303865373038363031623864306232646638363761356533306361386333
32303435393464333932346261653736353134356530313230613230306339316435373764303132
62643662343661663438333238656262623262386163323466383561363039393936613635633733
35623639383735333062353730336266613863323830383666663139623435336635653037323362
61313561363831343138306663616464396564653764383237343937663939643534353261303534
65303432656438643563616564613436633538313933666335353938303437326535623635373134
64323635386532656662346337353264623764656565303462326231643666643166306666633966
61343634373062643031326636366534343832343539393631333338303033396561343263623936
63386664376239326535633362623132613939393538633162663764626134366266366539613738
32313462303665316534393565303164346166373262613562666164333861323162666137636338
38343636373239663766623364346130316538656638653665656435613031343161656533666138
33303937393732646562653033333064326262303064313430383834323936636336356630396436
63653065613232633831393638386336666139626530663663396638356333303839303366343936
65626361636435653832343336616539613236353136623164393838643034393435653062353336
64623539386433343966643438326238343232316465613263346635326162326130626434383466
33356266366633323065363230383335393835376561396137633939633864303461653966336430
31366234636562323836383736663939306132326263656532633235633761653463373262633736
65383465356232663632643365626461323035386231613561346265333330663335366539666662
36356230623633376463643238613961306138666330653866353538626166366232393334366137
32626532626261613631353531633735633365356265626135336133666262323633633034663333
37396339343131383262376338646563363438633131313563316264376134373161336461666330
33366663376663376264626632323137643563636230366339633437303564333165383137333139
64303739653436656532323363623638643538363033386331663366663861343930313637636335
36323332356238383766623739616134313838326137656264613933663634656531623765613033
31383363343136383733366263333162626164666162323433626333323036376535373138383935
37636333373166393737396636363063656130656331336461396662656136343234356434346232
32666632626238656233643332386363623435616562653236376534613232313238386162626461
37343432366665633236353962323761353162353830376339656338313135376366366566643330
34393765333466613565303766643334613638363430333264313162356336353937646133303065
62313665363838326237343866666366623364646662316661633263343963313366323531666532
36386163353338666336356531656632393637303664373930663339343866623239356435326635
36313535636433393765373531376232643862333661623136643430656136316133613061643233
61326366646364303137363735646464313839303062353265373433356664353563353831666434
64343337376261656434376466613634663733663436363836306438643161353330613463393538
31323634626666373834656538626562323865353332313536373937646166616432373438663030
63336261373734373462633336346537303365313561363538636364346330633634376466313034
34663562396262623539643139323035616462313539613565636434383938343430326636333138
36323065633065346362373638393330666563316234313139653133303566333861316639323663
37356135386231366565653632656263623861646239303939633164393264343933316261656430
31376661616231303137663532333837353463313030646530316238376435666230366363386566
32323135353436333232373533623863336164663730346233663566333139343530316163323737
32346262346262343530613731323233613065313034666365336130613637636633303935623362
61373836333833343834616630333266306632623332616233613736343332373031343433666664
63373561623465633161353837653766646632383764396635373030336561636237623639396662
62656531646630633635353338623733663139323665343239643663353832333838666632303964
34336636343434353530366134393262613431366531323865356238666664363763333432643666
64366133626630383338383834383966613263626632383466653835653135613563353736363862
36653532366233616439303066623162643665646432626435333337333832636537343035336138
32373766363437313932333163373566613233333635316466663365626330306137303564626532
63376463373434663564343061326362323435323565646534393161336438636135306130653030
31646237373861616434356532336432386262393134343634333238376431643366623763663731
35386632636336646337613938663864616532353037623939313664333566376666366539653336
35633364633935353131346432663036393064636133653736643663396362326637653566653863
65616231633063316566633530356530336461323938323136646661396532373832653834353533
62393236393565613633663665663233383362626433386532313162353563653665376235343839
34313937623737613532333739333333373130613462663964373038646336306561613464633132
38616362613661383730316234346530336138353134363861356162623435643334386638343232
31376133333864346563393465633661663638303831316136646333323964306564663634363034
30316564313262363232373532356634383730386535316139306662626437343631643533646132
38386466306434346230363237663734633762613232343536356534633733306334626333646430
38306132643138646538623466616566356462613865343065313664633339653564333438386135
35633938353361393231653632663031353339616638333032383361636132306332326438303336
37353436373639633862376433393230626630313139333233636661313836643232623634373831
35353635386534633939363062666131363664656532623836376439663030613436323066663963
32636239376130613531396462363538356336663434383263346263663037616261623234653430
30383339383233653937306335383066313864303130633337663138636563343636663533396163
32626662653464366361646263653530383532303236386638643935316334653130653439633733
62303338346434346364353237313066643663303562373563323234626436323262623364346532
64646639386332636539623730653439636534663534373463643962346465356134303362636566
34636434393861373136663832313562653766346230613162323466306432633566396362653733
31613236633365636335623333346264636166613762373264363335336233623131313432646235
33303961613965323036633965353333333434353864323563393261363861393439316437353937
38353634663337383064653830643336653333643463633733366665616330643566396237356530
30366238643362303136656233323861376530303161343066323563623631343932623466396536
38376431383334373863356162373964303865363638366364616231353336393536656132346233
35383164613131326562623038376639653862656530623934383231633934666137313332343835
62376138343463363733633131356236306562336334666234343732323465313164393261313838
62613463383834633932333164646238656238313863333839393434633931626531376464666266
62383363653234396166636261653532396565353263653339643137643130386666636266353530
63313137616663623765313938303166393338626230396333336433383461633035316136656366
33323461383665616335393362626335383935383166323765643531323866636165363662303934
36303037343337316466326137626531383735626632363034663862373038656261393963626563
31313766323964616532363761653563633736363635623933383532363066393066316337323130
62333335633636383364653738633261383130343831616139333538653437663562313133343238
63343630396437313166336465333637333033643865333165666233333562623630393038636430
65663437323866626338373562626261343831666433343061653030333762323231393832383830
64343330303530356533636162323566386662323137663638343464353735333633623330353238
64333933393033333330633234613764373163376665323463373761373662356561363265323035
64633538366331646536323436313332633064666438366538333330333165373566303638633936
39656463343365386139366564366364636130386331633265643533303632613761656334326163
37383062386333373333623162313432336561343836346330356665383030383636303866393432
32653264336163643966316231623537643039353030353431396332653831623032356232356264
31653135313865663939383437346566303136636535633666346463393231313935653366313162
34366431343337613263646638626664323465656232343239386538656135356532636239616137
37653631396432396464363961393732326335396665633036363035326138666662363061393464
39383062363930393039363936376236396435626632363138613837326138653634373665353030
39643332303962376636613535306136363135326566366431383530353835343234633031653362
38353630303361663933316364313532343338323737356436633635626266633130376630323034
39313732303461633531653735313635326166353637306663333561373839306538636365636634
30393537613762646264613766616662353564333763333831396633303235643163383439626561
31376533323666336665363465653932396163653661626565373632666362623566386536353661
65313937346637366439323437643466376466643462306431306637386536326565616463613338
30613639343964616363383536383137383631646566333236363939396461393631366138363338
31616530346663306137633031346330633934643335333230343638666637303966323935326265
35313130366434633061353464393966663237653332373964323830613465613737303166366631
39353636656332613863623434303765636130386263633661623263663637326162623735653336
34323732623562373130636666376561643263316139663738326230343830313337313262346533
35366665356232366533333566303638343534626130393134633338623764653036306662396633
39316464373131646131636563633437636362643261353261616263393461326230386637663165
31663262356664386134616631313434326434383437313664316239626261656135633539633434
30343865306330346264616238363637626635313332653261636633353434613036396566313633
38323735313738363066373663383264653532393431633162303866373134623632366337393566
63373533613634323730626262643765363139393035366332646464626661383636366139613566
64633266366238363935373939373962343932656632636664386665366562313832333865316436
33386535353534396439323239366463356363306230663936336362343763343033323762333761
32306662643837313437643738653336396438393834616237626566643565393035316530386137
34316165316463626365366335313561366234393333343138373435393239383936666430386637
36323632363634373764613332386161656130396564353462613564396264303732666239313066
38343966653038633433626333306336346465613136333462613363373235653133633862333066
30373966363362643834616536393330376237396430653435636338633361303361626161356663
64616633623366613565366430303865663233616264303563396230333333313035356336356633
33373564623138653537313030663938336637613265306163313938666330396365353932393661
38366530383634316665633135623931373438353439386534353363313630656266346263653634
34373335333938306262646430393461323363383163326233346132623163663738316165656363
35333139373639383464393638623464666639653538356439636436336430613632373132303663
65663136306336396630356463663966323230343134383630373038373833303531343461363366
39373438356261653837373866303865343530623332353264646630303530656463646138373166
32636430663865666430366234386134313338366536613163653235623735373364313833376561
36313230376531306436666662616139646661316132343339303839306361386435393263626166
32623533326230373363376662323034656162333138616134356365373130373236363162306438
34333461333034353739313965366462643833623436306139363130653864363938353533383037
31653337383265616662333835613561333130333966353537373666313964323531353231616638
64353936646535373533626364306636663139383139303635636232333661616439626435643938
65643430316432623231353534373932303539353033313939646536666436396632623339313566
61656539363135633363333263383762623236326234656364653566326436333465393332666130
33383465373137313339343931343062363536363062383537306365643737613639396636613437
61373332656138653165663632363965313962396339333333386339383238653630366133363938
37653931306231653961623332393563353164316132386235663235383932653937373637323432
32646334626564323665663062366637633764316434633066613164396362633762376661663634
62653762393062336262363839383333396337633332393130653039626465636562336438653836
30313364613863323632323234336531333165373866373262353833313434373764613563633339
63306137353630323937323964326563393939613466366433363866313263663861643361663563
33343039616336386263316461376536663063626134626232353033373434373433346334663036
33383839313135353338366435373865373034626638323631376335346164623833666234663730
35663061373032396363623035343834393666613963663661396336633063333637393363373832
39636139656136636462303466306662303061666464613833643362356539633463393139376134
36393337643339376461663237343862613361306662306562343562616431383666643166613632
65323939383361323463663035376534313737616534663139613337653530623861633438393335
39303138613838306461313436373436636231643436346266306438623833613463363064376262
30626332333431353661383834313431646531613262306661306632356237663239613061613861
34383861643036353434633736373232643738313237616565653931313431373039653364623763
38356431393738653264666238643031633339623166326138376333386663303265623538313663
61353261343835353436313831366661356138323939336631353838323537306235653136646366
61363630396366656535663933303033396261316131643434386335643761383763666635643937
37643561626531323734346161313238303736393766656161386533663262646536376130353563
34373230393762626534383064646665346561643662666165626531376461633438326337613630
33626661633436363339383665636465376366623536666164636664363330313436363163383461
31623133303931633035623939366330326132316666646262303134623930393364363838343332
30393963333334663637383763336566333537626464666135356261356136303464316461363961
61326631326662376136303039653062646437646337353432336364376138613935376235373061
33616135663530666635656133353330623835323366663139646262656335333131306463313865
33333735313966313764306438393739343530383938376333363139326238336563626361623932
34343036393639353432663430646131343239656433323831326630373038653863306335613837
32613339323739336666373632623561626236363366663061373836636562303766356139613639
35333538343662346539653937366331663761393737393262333762323039613037333934353061
63633535323962656264653062356134356532366233646232633233616161663238353239323161
66336561653738396637336337653832346461666637626434633336343537303830343838373031
65616636343133623430303631633031633637323531313735373539376433633733643531666265
64343031386436343039396366383530383039393530613661383433363761646564353762646638
63666461376437383937646432656364633661376164343465356466313538353966346639386632
38333330333866376233353738643766653263366339353634303463653636636435313639663563
64333236393336616239373662303436656537303331653337653939316538656435643639313065
36343234663232366130663336353935646439396234306433326366343161343033626634666639
36613664613734646132306430356139326362616332306530353963646661623763373233313635
37656164333131636334393033356539306132303639663730326332643463336230386231613133
35343666643361306235323334626365366365643864363936356462633739666135396633663435
35396265343236653161353236366638666434616437613036376366616462353834626665343662
61623239626134653162396139623336646666316536616233386161373437616439363631333461
33306134616366313262303735643831376336363130303466363037643966623433636637366130
32303931346237316462343633343239363037663330623439633030333935336231396139623066
62646639373039363564396333626465666239323262616531616461356435326238343733643561
30626234636338316139353736643065366435323664383336663738346233386635623635356233
65663734666266636538623931383665633630366535653263326462356264633831356431643866
31653435633664633534313366346532663630333236326434323732653639613234656233656466
66623131373839363235613366666631333735356637643736343037313134626562383439393039
38626630383438373461626264623130393736363965666236393564383731343238666339373836
36323231613035653434643535316436666533373136303264383762666433376631363435303765
61333564353966633139393735376433646366373165313862613861373063343339613964653061
37346365663237353733643336356436386235643130393162613230386333643430383530356665
66623732613232663434663663646266313066636263613337326337316532623537646334323434
33396432333835643263376666613238636333386161363034343036623061636336636538663963
63326231616330633861386266656538376565626566363832313036316363333339303537383261
32346366383431653433633430623830376266643931313634343832356334333037316130326336
65373331633738383739643733376364323139653133373761656161356433633338626662363738
32663637633565363164646637633531303131386438386366366236303937623535353034666261
31323433336435383230303639306630616436643664396135333737613039373638626234613865
64373137393531353435356531643139633461393362356266356536373639393532633835346163
33316563653064356161646166623634313263323732323066613762303939396264636436633131
33346533356266656662313536303964643633643661643530623861613661623262386530353739
61636266623638383834663565353262346531646431616665633661393865353361666430316365
34373238323864613734366331656435323130373066643331333366613338303934353566653534
65383437323933323733616261643434346130633561656337333837623338333466323135336239
61353432346332636161316436653861323636376438653338336664636265353337373464323133
63623766316338623138363536393636613938613231386465303362643430333636333932613463
39623731323864366666636633393936376633363333666133386666336566396363343964346634
32383565376538623861646339306335613731316532356665313435373866326263643833353732
30383838343865636363633366353631383637643264386235303561653139613938656164313935
36333566326230383865353162316663323761386139333439623435663530333432323330336363
36653361666134323835656634626537373137613534373165613237343137663061313062343533
30623035633730613166373737623933616466396237396666336536366635646332393665666330
61656431343061373138623066393531616365353938323139613766393766646639346235326330
61363331653633623864383865393965663961373530333938376233343765393032303864613764
34383432383065303561313636633764363461353335626664393137663138383834353864386465
32663364383633653236613966363766303833623864633161386164353261613963333365323131
33623265363831633833336363383932626238323235323035303638633865356437333261636533
34653563656365656266623837616434303032656437363763373764653261373464613566396630
66633335663432653630656465373866373462303838393663376634333538376131636437356261
35303837643063613162366537363331643937346638663237396366636235333363356466343866
65313637613962363032383433393662626633386665643263333562356634356131656635326339
35393238383463613730306536653935346633623236386333303434313530656563356462626336
37323934386636316262613936623465323536336161633963626331313935373634383066373438
66616230626431393163643463393035356363353364323838393434346237326438626636623063
38653635643835303638303139656334343963303931643966313931666665386163316339393930
39393136336664353763323763363936386336363338613238616132643461616532303431643136
66313137616363373639643333616639353634353566623237613637366464396137643232663639
39336531376263383932393736323038376562353939653063623834633166663635303466316561
64333834353136356335326634633964336163313035353666363462613939663431376666386435
64343535633936613065316664616438396332656166613638646333666332353231623537346432
30646330643663383135633163353964643164316234653463306235333565666333373032613731
63653061656363633934333566373134353064313537663766666235613837336431323963383732
66666335333062646437373264336561313138336133656363346139656539396237323239663038
30636639336437363862616532386265646130363263373732303439326566353632373736623264
31613136666163333632346664353931613563316361353732656339323435663130393331626239
32323138346436303633346133333031313262633035663761326436386362346261373734613963
32643761306163366133323466653163636131363838383337636565373037303862393236356264
62346335616233663266666561303436616463343566353566366636646139646166353330653532
66363331396465326366643630303635616339393563333433336432646663343862373733323863
66616161326339376635646536626531396564386138363434326338643030336265646136306638
34636435646139383961306537356637353430333633626230663933646438623865333134366638
30633162393735626266636537633733396464623232666633613036353934336266653532636130
31346561386439323362336338393066636463393337663931653564663139303535323133666137
32393964336365356230366563393934346533623731383864633664656335643535623063656338
31663733326461376432646261306661656533643138643833333335333634643730383666363335
37623838383738613931363665376632383730323562336662323431616534363663386336316536
39343666646366373634656132366165643637366430616534383932396431363962336633313737
37333434356532633837626231383539386530353831643736343338643339376139303262346464
36393962373561326364373639663435383834643565363634383965373434303763653531376139
63363139313436333461383937646636333036316130623236366463633133353037656633333165
38336563363435616466613734343737393037613361306431623361386263353637323839323433
62613539366239366637663035653665333064343436363133326565666563373562313564393635
63316232313139653966343761326332353835646632626431333034343962386635316337313037
30633536663039336631393438313432613437343565386336303531383563663932663830613732
63626239333233653362623739663061306337646535363131336634643866376661666139333937
36303036373265653963326635376536643132396237353031356265376131626233343632656362
37646562306338363538333538386336356366663838393834623132623431383161626335666564
39366238653737333361346138366161653938303765343064643761353530663639323234623736
61383639336661323262366630623064326430666230336233666463353932613339613065373464
62393236666164386130623235653532623335626338343664666637393332643665393665383464
38383963303261363266396362623462353939643430313935616432393939666461303030373130
35393530663238363230346663316538333361613534376263653336643966323738346262363435
63316666626633623764323265613739313765656362396230323233613938353333386631623262
37646665393132383231343439306333616663623535333765633639313635356662663861626365
35613431393136353936653136623839393832306434663261313038383432656137303432393665
38316537633233323737306262333836333732303933663234623434313736613031396565376336
63616265343236346562396365346338653530616564393532656161373066313163633035353963
66306266393438653565323338626366613230646138663438386266656634386134623635666263
65323538663362383232383133323664383131613965343932303164383334376465363235633436
37623235363465653735643331323638663035373836653331313636633038306261613465613664
39353962623934333764363063346164393439326263376234663361633936346439393964383864
34643261393362663465393636626362303839616332663864643239323166313232366430613462
30393661353332656165663337316636373864363665333264356461653838623661353963373962
33653536656136646439653666653731326464636130646134666138303639366431346337396166
39373234396436333266356164356163646566633761316461346532363437393931336365646137
61633663306666636566313961366237653232323839353431653865333737666164383133663331
63386233333434616136376136383465333039383934376334383632373634373832303362376230
33393966363531396465663461633466353237326364303066376661653037623839366332656330
36646563346537323238366363333638393061356538316134303861326331366435653062633766
34306332363331386236373636383031343330623461396161623135373938383539336230346232
31336339383033613437323061306333366234623764373332313530383530643134306162666266
65383539376333303733613532323532666563303535386234363662333338633539356263333230
35633035393462363233326330313439633064346331333539376631303733626432623330613738
32303936643762353565323335306237653230633833303931653231383661626432626633353030
62306632383338363734303338643431323863633135363361646466323232616363373031386130
30643732396432643865316430373730373364333632626239366330323932643661356564343435
33666133373061323063616361336666393464376431366233613163383731376439666162653461
36366131393932333164383136316333383233363630356562343736303636623462343233393762
62306435346566323666623531313033303639623964623865343065616161346635636134313361
62643638636663303563636266396563626361646565386530396232656533646632613138653861
31376636373430393861313434663165316134363834636434373066616266373662323564633363
38386635396433383534316161393965333163396164303732666430333431626665343935366666
63633537356262326333633265373661346435323536663936396530333037626437663635313536
37316564306538633039316635626137326665626461663639396133616436616338623163393464
61343265373331636163323936653861393730666336303638383362333136383231616364373265
30666332646238326538646538396535323637336238303361306466393165626331303363633733
32393466663534353638303039346365393165363461336338353436663463633538653938616664
65633539653733386661393165393264643366656637616665663031633934323736623032383634
39316536343231633637613532386539353765663564356230356361393138393162666630643161
64616530613262333337316133336638336434393731653539333630316662393963363839366165
63663666323065333834626637666533336337623334613033646233623036643133356530303330
32353235326266626531626631353337346434373466353835336164663462326630343762616536
35353566663833333366646631393937626131656138623263336539323338616361626332396636
65316135393932636664303765383862656133626464323436356230643764323238316266636539
33383333313936663632646134346631393438343235666335316162663635613630383666303637
39326639613636366631316366303835643133663132323836623832316332623532663436346332
35353661626664393164663166333162383335313738666338346161316261343466343661393764
34323134303564383932353761613865363538383332653432366562356530333739353936373236
34653064303330333962396531303930353064343031306163643434363131643962396434363066
66333231663834303239353938373639666632323463653762633766353030653234626235623533
30303038396166386338356235623930636539396538393337623766366137333033336362396434
65333533383435616136343137333338666266616564353133396438646539626365303564373133
34316562666133656335613862333438393738643538373961326533323561653731656165373364
36663732623132326266396563396239303535333564653565653765393934383535646331383166
65323334313664323535363035633335343464663032393737313966366165636137623061663735
63613532396363653865643139653839313736343333623838373138313332366334303339633463
37346532656461623765326664316136663538626233623862613934326534666138616230636338
35646433313231373832666638653038383366386664656539663936623439303161396238656639
30626661643662373331313762313836636362613633363935346137333565353466326130386436
64623330643266326430313135393538386661663739623939656339346565373837616238346366
36346165363963626236343037356132343462393838343965623535623433353234623765613961
64393939353466336664623936636336336535343233356562623935373339653431653531623130
66373361626431346231333337303037663732616361303137343064306661316231386333353766
61386538313062346137316537353063333965336165356330626663633033353531326234613038
32653863656137343761323030306437313735356136346137323063656132306436356464333836
35653535313333626665616662653335323366653563663932303930613863313735663866633439
32386365666630623763323763393863353830633230353933646332366631626564626461306465
34376564316239343137636639383130643962393930643832316638643231623732656231393631
34353230643235656237333631333834346635343966356531303261326135663365396238613032
62323232656234393331623734653161613534316534333765623934643430646630356530623638
34353537393465303136313165653861333464336363393838386633653736316634303166366130
35326539613463653938356336333863363631663734313638623038633232333137366633616330
65336532646132343961346533396533616130356663366663326236383130633164626661393162
36383939363330366461613632646535613534643863343731333164313864306133643639383464
66363138633037336135663566663066313934393031343032343264363762653834373930336532
30356262613566343437326538396364343236343464343334356331313638636264393137623964
64643336353139656538326633613566353431313963653638303830656630643733363662343766
62656461393963666134316637623733313138333730383436323663336638636662343761366462
31653036653733643231356338623863313234376333313435386365646465306531633830313131
39333365646136303561376635333035303133343132376361653730396232336433363331636363
39393735373162313235653833376435303337333864643836316130393166663764653631326237
64316333373530623133383637303130663933643939326337356536626239376632646635313339
31343035346437373334623665363166663730316537616230633439643863646334326532643366
61393336653266376538636462383335613238383836643132303733333330613534386535313836
30316264666638393936626636656264306233656133393565613631626366343165646462343436
30396663353039313766336537656365343631383066396532666235386633366635393132333062
38636435636562303031336639383831316633343461326564326266366533306162323761346631
61333562346135346465353163666630303739316131316635336664333661326138643934613165
39343839303736373638306435666239663563613734303034343636346262393339376432376262
37633830653836333666623862613862396534666634393566313834386661663335326638313166
63643864663362343939653061343532333438306362666365313233663065383765303539373763
32353935623863386361393761393737356234613537666536303233646234386433336535386136
63306465353332643738333535393261303464316661623930383633383036633034396435643833
35333432373734326230336363636562366138356134663039646564353632626232303465623866
39333032346161383662633265336266393737616532653465646131303166363534623766626665
39343261343832666432313130313835323361386265633339383266363430383235356363346361
30613537303333393863623966643864616362633337303934316634373065313363326664336331
63353963626538313361653866323930616639343733353463646239386265366437376365316439
35646431313831373763643739613565643338313963303663313839636664636231303737393237
34306666633832376163626430323237663663653830633161353464376338623930306232623464
32303130373231313562643936626362376537393166623531636162353332323337633761353864
62376562636338653166326530663536616435306535663931326235396233343632383764346537
63373663643638346332396438636333356633306366343138376335346561343664343361613839
61376666636639303433396334636439326237626332356634366430653861623966343863393431
34393866623762313038356566643030373566303866326165393034666461313530363662323263
38366465653538613166333133643663613934396434656638613837633130363063643034393437
36346230343464303565313866383462323732623638386562396563363538623365623030623739
63313138623534373933646363663239353139366565663432393737323834306665623665353764
32353234303963313436366664666536323365393833633931353233373262613736336430303365
64346331626531663333376637623561663835613737623461663965626265313061303836333037
37363039313939363239393531323935313634633535376362393063346362393030343435633138
33326464626634393933636631376533336439383734393964383438653134636535663631346632
65353932333864313035343831353662396337626231393566386566373262633234623737623937
63666532653162353066353866376132646366666265356238383163313237346435356463336233
66323238653430333937376134643862613366326162303036623965613063336265376466386638
31356530656565343431623631613439383865623465623936353033376632613433353761306264
36303934363264646563626565326261653161663031386232363633646535613563323039613763
66326535636232353532373734343430326239616362353737343838623835383261396561653865
38626636653630623066393231333562613765333632336330636365633934356236313630636431
66303031666163303665326664653564393535373061363239386338666431643532373761373738
61383235346463613162366634373130646133306364666662613065383765636237386434333635
63633364356164663162326161626164356538356436646332356263636163326534303633353162
30643935346363376366643034383531343666393164626162653030616533346630326263653431
32396537366565646362333033646333376631396530656432623539333630353537353730333738
31393834663134343431393864396161633538383336323838353432626439633337373262356337
31613936363337363336646432376563336361656536653164363462646661636231303766623634
62653235623533316233643661303133386266663733306535313339316165356138306133663936
66613635356664383261643933303132383738633561326466306165366131353033666361396566
33653534623832383236386434316531376662623466626530393037366464613262356635356333
62623062366438333361363961613264346266633637306133383761333635333634646565643334
33646366303266633961636266326565666234616663333939663938313466656164383162323463
36356462626331613833363165633466373933366335663336633434373266383136306263313939
32343366633961653138646661383038386233363164396566396534386633336434326334643239
33336130656234613839623364646363636663643263613661616463383535623130646332326133
34653833626537643632316534326539613333306330636263323834643163633763363236653362
63633834326339303732616433333438633836646164313137336635336136636234303930616230
66336631633533316434363561303131623633613637326565323966393265393263623936303564
32633030353032663366646436373839643762366537623831303033333530356466653331356239
65626235666563313330623439373063656633636666613236373636376162663338666338333031
36333466353034333264323965356461383630633162313330336537353139636263663062363565
39373837303363396438303334363362363436343261323064343463303238383666363231316238
39646636343933356539646565386361373031306462326336613537373361373962626438613832
65636664626266636363363334366333633235396665373364313535376366613136343933343137
35323938656632646635363230366665356534356232346266353062343336636336393863343764
37333731323737383333396438646335343935323430636431663734323933643530333937656538
63616438323165313039653365663262343463336166306433326630316339626433633438363435
30646136636661613439356132643863363333653037313634353835656133393331376231653635
32333461643439633561363366643435616563343634353564333666366639616266323135333138
36613466386534336130373430353037663632393335336630343438633634663662393338373632
36656337343333353936366364303437343536356135633161643564643534393864616665346365
33376132396133633534613266316632313232353363363165343466323331643365386138613839
61383035343033373766666336633433346461333335336465656363613665386666356161633464
33343733663765323934663263653832396666313337396564336465633565393264633966643761
37653237303338363463353230363562313130343430393761383537316461616661643262356333
32356636653539326438363832333034343932623931303965346564626534643262313232633034
63326638353832356338613162353137336663356432663761666666666631373936353161613136
30303535323631626266306530373337353034363763386630396633306232326338326232626332
38666264653539313739306264653539326631613234393439366631623837363233666237393364
31633232373163383635343030383034613561313938326562306138613837316564373838383130
30376638646632396236623332383864313266343436373365653064313963393936373566656131
39353032633264393263393431373965333134376138396664343635363934616135656361643432
37333963336131343935363238353833633662303532343366353136636265346132626161396331
35613433333032643963633330333432313736316133636239663463353534363564666331303362
61393534336432313531333732353265363065336339376333346533356664313032336566666535
63363766613930323931353034626637623635343037636261316461643862363334666635656635
61393561656266376466383064383532633936636266633364623863613863633739333834656365
33396639613933653437643130623839353636313336333739393033343931303935646338313231
32306631303963393464303162366232363331313631353234663865356333633036383139353437
30353631656139393235633835643633373661663934636337633633353866623333616330666639
30346530373962616433613539636561336435613830336361386161646365646563353934316266
33636238633237356136346262363935346663353330303162336430386665363739323764343535
64626535383637356330373537663838643532396166656533333031313261396438373038373565
63333265353832336566623132386238646138653834366234343266613838376362356330633737
32633262363462343637653335653634653861336137386461653130363833366138333961376537
35646139333636346633353334653762356539333165623036386638386665363661366537333239
36613036343362333564623235303136366538313034643732386266386636346531363533396562
32326164656334393430383931643861333531613462363939626162373739326533303266646466
34313039336461613534623337333063346662623432353039396436646266393635306566663564
61336665663333656333343865613664306463313466363737356439633365646165333038633831
64383266303930623665373865383764643665643062646364326536613034323732323331383064
38616163333130616561636235653834656438323031303332623335653765316566313130343534
64383962383734636138623462363934346563346436653638303766333961363464313338333165
63616362633137306665353631623866613661313132373632626363313463653033623337313930
30376335353630613561663066633865306639666435393662666136623936653335383835373038
61376330303837386632623263383232326233663933643031313063393161373864393732393038
61313338613363373366633337343334383731386162353064653635393161323034666166313466
35353664633437643833313231643965383434643633346330626264633535343331363337303837
32613339383030363566363735376333613232333265623261363431363833373464396537383665
35346563323538616436656332346165653461336366386665306132643464643631336666646534
31313137653536376564343039323465613831616238666134646238316433663865653764656562
64353136353063346666376532306630646633656236623462663231653034623431643062373561
65323364636566346164333937366665323437633462326434323963646663383061336433623565
37373036363761376431323230333733303066633836343939343737353161393465396130333231
64646135323361313263653866316539383763396635626662646630323331336562313233363932
38363761326338343430663238373831373263333464376330333931376136336237356135303437
30383232323035353363656135383630633763323335623732323333396232646333376265336139
62393563373432326561643466336536373833386362313137363263643735633932616563373636
35343662353138353134646132666436393036616131343563353833336634643134303238353735
65613330633964626337656132613736383366313465623334376335323766383635383339663032
64353039383866383635656566306666316236363037353331303035336234366661393639643735
31323731343238663439303836333161303430633866353439313563356466623239623965323661
34326163633635613462353039383336323865393264346132653337616263656137336564343732
62316234633831323430333965633363303761616339646565323464633164303933623066346361
35363438613761663664383534303139623036306261623665333830306436666337613163303435
35633833386363633435386135303761616633393637393538636530616638326233323133633164
31616638353964373862633238616136333934376134636334343564633832626332303065346534
63343731653330313739333765616536303463336136646463343363386339643963313636613662
30653663616237303636613464636336653134663165396431363439353135386263366364393737
35303231373061653031326538306333306666376638633934313033383930333038626266636562
61343231633830366537643366393065353938353261643764336637376135363834346162663335
64623464666463633766653339353338376230333233343530316636373962653236383638316365
32653635393365313566386165656138396632343330343131326464333666643730343133316431
38666539353133636436616134316462393538306531313662353039653431323535373361626364
66306538623930623963626337303031666233396662396163373164393436386336363834616230
65393432313537613938376639326233353139373532613137313532346631613863396563626666
65653061343863633339656163663661383531386564373231313438363165323230363263666630
62666338346565646334316135333634356234323432383066663161393235363736633061356465
37636533653739663364313265373166346231646664613632643166626333363838326236656438
64373934383235633665343537626335346236653337626535313833396261353833633063303164
34313466633733653362666338353133616536633836333836323736383237313163313339643834
36346465333335616666626462636433626266643539646137333033366665376564346366623966
30313839356465623435383330356262626130393033373730343065383738353334313665363539
39653434633138386230376631363433633764316138376465323333333264393530336164656433
35616233373731316562306564356537326134313837613633303535303865636638663265386132
35616235643634346537343231623032666138356634363762366532313635363833376631653833
39633262643066316666373434663332306237363831393132643035313264383730323931376633
34656261363261363339653536306230663962353535613261663435303331316463383663303062
63363863653362303765336235313537386138306637393663313037356437623637373333373136
66363136363537656539373336353165663866306338636434623364396366306165643566343930
34663666373762623862643639633461636331666437393239656231333439376531646132643465
34306635303761323637333065623239363666373265346536316236353761623635363336616432
36383164616137316137633838663137636236323338393732613035363537633965373435666662
66373635346635623534613732333035323432356137366161333364313330343761373133346461
31313832623966663730653166636639623665626138623930396164663261326539323333643862
63316336363462326633653532626637636135323230633239393162626564613330636532653563
63336132613866343038376639376164346432646363653566346333633662633838313432356630
65343861333936323463623039333661333635636232633239376239663739636633333237313861
34313666323031313235356532396263383564376362653932353161636338343731383263336635
36336334613738376332393566633335616639353166323431633663656136333031393563353531
33343433663461356538633033613864616263353337616466333663383363663362633137346161
30663166343561326264336334633235336535306466386230643839323964623832323962373435
34373534353038343833623466633434613965393534653764373033343739336431616463333664
66356262343664383061343631396133643834623538663034373132393832303235343735396265
62646231383834326162343162656538383530626566353538623338326230356332643039363765
37663461653964616163373362363536383835353032346430353231626564616661303631333236
64653637616138313963396566393564376238376235366639353030353638306431393537616631
30346133343736363466313936373234393738333066323166313034343734323736343162643431
39323639323564313766613566633630326566326262383763636230393862333430646638346430
34663964376533626366363666633638333039663135383733303632326232373464376238616261
33386439373761633737363266663266616465663735316264613736386163623861356264303765
30383861613232633438343434656438323838313037353638356138643832626462666135373363
63363030346661383266643834643730666638646530613665356663376337386264303038333638
39646562363765303766353932636561343334383435633937623434626163326364623064343736
39643966313436353265653637653935353366306564343361663839653364356365306162376662
33633732373538646337636362353738653364626562356662306161396437626664663335353362
36613836636630343932346663393461323832643662653764393261363431346139616638326331
36346461373361333362376434646564653437623264316565386238626237316139346336373263
65656361346536643361663464323866393137643532343032646238636639333037383635333532
66363431646261393962376565633761303263616265333532656636646262613531316266656563
31343532643033306366626261663532346434373230373434343466306433373761393039336434
66363637323837613131643065363163313362663866613663396364646162326535376262383832
63663663303836356130656337643764393364343833316239303630333537303362303237373733
33343833663661656230633432383434333439393337653764623161326363653138373761623666
66396233613737643465306565363637323738353939323930653233353164363135353362643131
35316462346633313962303062323366353234643437663166666639303766666533396631636537
34623864653534636536396631326534386161663166616564663133363635633933343533336234
61333065343938356434653362623363366539613764643835323435363733386335653530346435
39323462623063376662626265363635653065613365366335653039643137336161633535393536
65396436356336363566616434356566636638303963376661633863316363393463393330306339
30623663613464656237386166666539393630363839326466356262356330623330363636356464
39646234336161363834373462623331366164373932333561353835666366383533373964313636
32306662383363666633646431303565363566316337313531636264396137313439383466353665
62366331643064653030663432616136646334346435616435613738613339333531353138363937
39356235363761616637323730336238663562326165376336666233633133363364303632613637
39326638656630623931303638333138643462306238353564313437643530376438663437343138
32636532363263353636663835393136346435623066326139373764363233333563343137396163
63363665393962306533653563393339303861656166666630346463333463363039626364323233
39303031313339373737643134626362666264383066303063616263383464663563386566323666
62313635353430353138303833663936313232666333663631356164623763626335363032613537
37313937336465376364343637393462653830346162663030393830643761613838356265343665
61333233363430646363633635613262636263393065613433643736626166356631316566663635
36343166373733616535313534366336383839613161326431663936313766393839363731303264
66356537366636343436376161333661623864623063333330316332653534613532316633633532
63313564353537396561313665633165336432396364336632353335643261323133303532373665
37333535333233633032303036323539376634663461653434643462366233636233643730346430
37653034353561643839633264663362303033383261306566336264663765613136663239663762
33303837376666356237386239623165333238383438306234306638373837336237616463323133
38356237383338623434353337343630666465663061353138643430343530356262666161623161
32626165636463663538656632303365343364316562646236643931656438393161653764396535
61376263643536653037623161373133383166303139663230303639353966303130353032333966
32643164396664633135363663306232653033366266353062656630323462613565666133373765
32373165643936336136303865353538656563336434376637376332616361623031626436343563
33323531303033663336613063636661353533366139666262396139353263643236383730616463
64363930653335616534633337656639363232363132326665616133353432643736623565323534
63616237376264393837343537336466653261313934336335396236323533316165623865633863
32306362303965353831663961376430643031336235333531313964306236393830616435636239
65376662623966306338326134653161656561346331323833633963633437373363383865383639
30313031336633643864643738393761353566316439653039623762316232393030396462376162
64643262396338356461633264343230626634343133643039333735653534376461303434623531
63343734646264663061316332643865656232363335656363656533653139653362633864376563
39363639396664343666366339336133353435343835333239663836343262643134636663356434
62303338326666316565313765633863343537396537373034636530653164343365313230623730
61383961303633353763636265346132303435656131653132396663633564633863636263396234
39396133306238336432363061633131393264376264306564343638396364626634343137336462
33653236653562383134383933363465316365613265613565626166623937393561336463373265
39396130636264326661383465616637386266323630623633646138633937613731353866636466
31386639656264663837313134333636633737333132613336316264313263633166633938326261
30346238343464366539393234643735633939353665653832633262373865323834656466353036
37336537653834356539306437353762613862333838643637613032653466343165313463633337
63663631363930353364303333646633306265646262633464303361316462353864303431316135
64386533643463653430316436366431666535323966666462653462313565353164626264643666
35633739353934323235306235616536636565353662323632643765323335323931366332383162
35326336313333623236313064303432323061393834373339326165646430373530623131613163
32366534653764623739303038633131326465663533656261633135633863336461303233626264
61303537306639326462363035326564623730656439646131616138373236386631316264353638
34333936393534643136636239363564313234323463616363383736346538336135363562616233
62653061663636633234656261383938313633616466393766326536346533343634333835306337
34626134346365306462363936396135323935623564323661343530373639353562303265363235
35656235313730653931323263613637663232613439316235333430376565616563343561376235
30366563623830616230326439353631643365383361623937656363666639323138303337363362
30666332313630363337366334396339616539653232653538333034303766386137623437653337
62626335356461346234376537623363636666323164326630343930313137316162326338356564
34663736663537633066356235346230363234353236303631663863613861633233303636646232
32396235653265643665636431343030353730646466353063363537383962383432333831393135
39613535383834633364353436616265353332643666656261646230306264396230313266376361
31386134353662303865333739393630356333356366656636663937663639623432656133323666
31656464643634386437383530393332613661393339326462393132306363616231353066623632
63623637306161343739316632633934363835306262336235323162303563316163366135623432
61633366333764336133303762626661643265383832653365653836363465306634626239633632
30376564616634653338393237646535643233396132316533666636636365356165663635356233
66666561653465653635313835323330303666663262343063353039326534323030313534646265
36306463373162396634343739653438613636306566666331366632383434643736373065613464
37663537336465623563313965643734663965646663313231636136333538393837303736303630
33656337393138376161343832613933653664653864326135616365336639336563303361616637
30663633376430393566343536616336616632663461646363366538613130633731336138666263
33343565343932633739336631316334653365633230366338613638636536623530636432646366
31366464386331303033343433353331636333636234656338653633393064393235366132643164
31623639646162396231336166663337323562346330373233366633343963313830313064656332
65343130666131613761643165666161393665623265316137343437373832353738363032646639
61633832313635633130646435383538666331316562653639343338396461333939316133393532
66376261383961366562616536626139613132343664326162323535613162386261363536386638
65383061616530383837663065373932336130306638363730383233333830643234656438323137
64316133623735343536393636613465356531613062363530313331393534656463336138626461
30396636633933663634343933326336393131646335383032303231643437306633616537653036
66636337313732626639636462343365313664663338306530323831373434346635653536346537
33376466363833303435386632353365633337663035616633346662646661666665643831303265
31303064656236346361656434393932303433613066663131373335643664613937326564623930
35343233376330666366353166333139306234353134636261336633306661386535353734303436
30323630636666643433616131636638666136323063636236613864643532313831333162343730
35383263326366663662346632393062623735363536636634333534373338323265393235326361
34336663393865643531356462343130633238623163386363313738373663393338643731333935
38616632616533376536646337346161633935356535363135616335393436633833626433333064
35373064323962653262656337326335323834613263363630306461383562323665366334646233
37363334303865343762393163336462303935616235666561313531633036363364643963393932
34343633363831633031613466366261663538646164626336353335623763303662383334646530
35386164616438313337333230366166623734623434373361336231326531656531323863353664
66353239363435393366636663323461363530656335396535303561353035343631363735653839
62383133326635383236323432663333623336313565386130323635366162346365383237363937
63303536376233623762633561633333323338666233393037376566623661383430346233383461
62336439333762653936353431376433616333383832333461616262303939393135643436333065
34316138323034616130366433316466333561333038313736383365646665333138333033646562
66316131313762646334616333633530336232353439663565343933646537623739623337623637
35386137383062333434333234626239303731633338666565656666356236323532623666333063
39653465383361623233373666303938356130633735323537646535353636363439613865373637
38393534623436346437656238613337613137306366336231656362323065336234616639663136
32626264626266623630343130326466346666373561643664393765336166613261646663646466
31373931353834333363396431323130626136343237653466316666383431383037373431383531
31613936383138613734303435653939363062313036643165626164646364356661373135393964
39613530353465393633616263663565323164643036323962363332663037393834323836313733
33303564636237616562636630333636396461346433313664393135663164376138646132643634
64316663356537356135306166303861383932623736666339343133383738623834616533356333
61373663316336333034373930373764666538626138393934326264356530653339643334383937
63326536363939366134613564376639313864646165643136316435386332663530643833376163
62616337373161313261323264393964356337646637666231626535393463626237323766306663
33333637353566383565356530613366653435376334303734663235373139383930623830616533
37613239366664613838613532656639356438376464303732303837653461383061653261393332
32346233663965666564333839363263646236373235326139346139363035353666376566363531
34326437383161356536323037346233613338323663346635316436616261326561643936373734
65386433316230376433653864623337323230393532613133393938623635333665316636376666
30316563323739636332346439626436323363653334613435623638653635313764333764363363
30353736303234663766343266626538363561316637313330643566306134373539623965636337
34656133323161636139636531316465326132623661633665656362646130346563653433616363
38316432656633663563393336396138373433346235323766613738376135363635643536663462
35343230326136353064633838316266386434633934376632623432663836353665303736663962
31646266353962393039653437383534633931633430646338353838383031323137663661353762
36643639376630653931366163653239393733636134373461643762623136373530346363633538
65373462303632656132326234646434386633396266376461623031643937353439646263646563
65363438343735663638333230653962316635316661326333383237323464353533346535326636
65643030333462323034643937313761616534363934663763313861303830363266656330656638
33323262313432653633353431643034643535643838623933343033376362323137626361663538
35366231666439313632333036636138636639373866613437393663386666333732313966626566
61376538623961376137643339383635343965666538366637643165636266343138343966656464
35613736323730656465373531653133366130623034396365633638626237336361663432663139
30353666623739386663323131626139663238393930343464613632326566323666646466323664
31323363373530353465393835663363613433633036663134623863353932336337343734363638
36343962343466316433376462613936623731353537353139623264623664346636363631616134
30616566663665633636363930343835626434613463653338623931633765376164613633613563
35316435323333666266303036343035386261646530373931303236623465366132346336656331
31313666633034386630336634306137303435363764366138306130666632363565323933383236
35303933373131383661343663386363636434323066636133636130393938623532636638616166
33323561653663356132393362303230313962633937363266353631303161393430666361343463
61333930303863653637656130613663363036366634346665613733366138346635333031353532
30643231643138383664326565363538363534343331633161623431313138356633616663663764
32303363663239653463303032613432326431336234343335636266656666373233303031613934
34323633653136343861626530366339666239643061383937363730396663353361643736383533
39666133366433366464313139303861353136323238373965636133306266396162653630323039
61306261373433633931316131336339316164336334323930633732333862336339303337656439
3731
