$ANSIBLE_VAULT;1.1;AES256
38643632623632363534646634383762663533366662633939396464633431346165376366326336
6238353566623932396634366530633766396461336365330a393138333532316432366165323465
63356334666535613534636232626136336435643966613130656639376334613834643463356131
3165663164393039650a623631396131313038663339326366326566323266346562313633313233
64383666316632386330613334626132613866393833333434396263383431613933643562626163
63346336343064396637383631343735613239386432626636326434303665306332613337303165
65616536376565376330316663616535323431303263366334656239633533313935653162393665
64396132616664636230383164363033626337343866626239343866633065633464343261363230
35633035653537323437326636373234636163313365366532393166333961616434303638616566
32663038393563383731666565353331373335353935656331393263346438383862343566663632
36396461633931373961333265373337396532383537326566623361633933663035303566343730
61643366666235346236303732613165643836616135383037353732373064376234363937613236
62623930666366633034353836633033386462666231653033383933633962613738363832666463
63373134373562316239343737383961353663326537663735643662383236623865393966366262
63623639323532366132363130313264633166353935333762333334373238663736383632356463
61663936353735653464363061393731323936343166623566356237346535363161306338353830
35313865376338613435343764636562366136303336623365323637663030323330363330316563
30383361366161333037303865323935393332656438616133336362623766613363326362373930
32313038666665356337613632346339373133363462616263643663643432646337633635626166
64636564373365333538373233396433313263333539626638626363323139393836616339353231
39336332666565386335303464643733323762613935363431376532623835636465626531353134
35363732356337613330366230396336323766326461383863323133386262366334386565373335
37653433313234646662383630303434643964623337663339333133323434643531633932363539
64376566313233343834363764366338623637363763613331343735363130626364346361343733
39353439333166633634636132306233346163346236623538396430613139636339356539386436
38646336353266613238363335336230646565396230313935393666386134663265653135366339
35303638623763626330626266376462343039663061306637663034613665653762653164656431
31393132663966313534396262336633323366393862323036393037396238316664383737663563
34326637623966656432376162633563323265326134316633636130666464636439316264353837
37643765666230613333373634353964363137343632343061646235303063373730626333376435
37626538313162356662366331663131623535373537623663383437646661303134306162393233
36346334366539663965636531313131616533383766373162636137356233373630613234333436
38383036343965326631633034356261346436303639356433613863383638616632373131646534
38323961343737353264363235653463343335356665356237353331376633306339616537616535
63353435616532343934356562313166343162663936623961383135376635633061343130356437
62633632623565663831343233343035306232663466336133313266646133373836623164656435
31333564633031376438633966656561643533646364346661346362316264373866366266373761
36333363656232613136316130356265663834373431323336393538383464663461306532613139
30643534646139336466376133303062336265646337396531373662643764373564336562663533
34313961613730653862
